#  NACA_MOD.dat  x/c         z/c
  0.93164000  -0.19604000
  0.92133416  -0.19031847
  0.91102976  -0.18560493
  0.90072824  -0.18047674
  0.89043102  -0.17489511
  0.88013956  -0.16919461
  0.86985528  -0.16365131
  0.85957961  -0.15836379
  0.84931400  -0.15328023
  0.83905987  -0.14827359
  0.82881865  -0.14321368
  0.81859178  -0.13801451
  0.80838068  -0.13265288
  0.79818677  -0.12716359
  0.78801147  -0.12161980
  0.77785621  -0.11610774
  0.76772239  -0.11070284
  0.75761145  -0.10545224
  0.74752477  -0.10036601
  0.73746378  -0.09541708
  0.72742988  -0.09054880
  0.71742445  -0.08568752
  0.70744891  -0.08075759
  0.69750464  -0.07569627
  0.68759303  -0.07046613
  0.67771546  -0.06506364
  0.66787331  -0.05952293
  0.65806795  -0.05391472
  0.64830075  -0.04834081
  0.63857307  -0.04292502
  0.62888627  -0.03780197
  0.61924170  -0.03310481
  0.60964071  -0.02895337
  0.60008463  -0.02544380
  0.59057480  -0.02264061
  0.58111254  -0.02057173
  0.57169917  -0.01922683
  0.56233602  -0.01855882
  0.55302437  -0.01848830
  0.54376554  -0.01891031
  0.53456081  -0.01970278
  0.52541147  -0.02073579
  0.51631879  -0.02188105
  0.50728404  -0.02302065
  0.49830848  -0.02405466
  0.48939337  -0.02490695
  0.48053994  -0.02552906
  0.47174944  -0.02590184
  0.46302309  -0.02603503
  0.45436210  -0.02596486
  0.44576768  -0.02575006
  0.43724104  -0.02546655
  0.42878336  -0.02520139
  0.42039582  -0.02504637
  0.41207959  -0.02509174
  0.40383584  -0.02542044
  0.39566570  -0.02610317
  0.38757033  -0.02719459
  0.37955085  -0.02873078
  0.37160837  -0.03072800
  0.36374401  -0.03318277
  0.35595887  -0.03607312
  0.34825403  -0.03936083
  0.34063055  -0.04299451
  0.33308952  -0.04691312
  0.32563198  -0.05104982
  0.31825897  -0.05533579
  0.31097151  -0.05970387
  0.30377063  -0.06409168
  0.29665733  -0.06844424
  0.28963260  -0.07271586
  0.28269742  -0.07687133
  0.27585276  -0.08088632
  0.26909958  -0.08474714
  0.26243881  -0.08844990
  0.25587138  -0.09199912
  0.24939821  -0.09540609
  0.24302021  -0.09868688
  0.23673826  -0.10186043
  0.23055324  -0.10494662
  0.22446601  -0.10796451
  0.21847742  -0.11093093
  0.21258831  -0.11385937
  0.20679950  -0.11675920
  0.20111179  -0.11963538
  0.19552598  -0.12248843
  0.19004285  -0.12531485
  0.18466316  -0.12810767
  0.17938766  -0.13085735
  0.17421709  -0.13355266
  0.16915218  -0.13618171
  0.16419362  -0.13873289
  0.15934210  -0.14119574
  0.15459832  -0.14356162
  0.14996291  -0.14582428
  0.14543655  -0.14798010
  0.14101984  -0.15002818
  0.13671342  -0.15197024
  0.13251788  -0.15381024
  0.12843381  -0.15555397
  0.12446177  -0.15720840
  0.12060232  -0.15878105
  0.11685600  -0.16027937
  0.11322333  -0.16171002
  0.10970482  -0.16307842
  0.10630096  -0.16438819
  0.10301222  -0.16564094
  0.09983906  -0.16683602
  0.09678193  -0.16797056
  0.09384125  -0.16903958
  0.09101743  -0.17003626
  0.08831087  -0.17095235
  0.08572194  -0.17177857
  0.08325100  -0.17250516
  0.08089841  -0.17312243
  0.07866447  -0.17362123
  0.07654952  -0.17399348
  0.07455384  -0.17423254
  0.07267771  -0.17433356
  0.07092140  -0.17429372
  0.06928514  -0.17411235
  0.06776917  -0.17379101
  0.06637370  -0.17333339
  0.06509892  -0.17274521
  0.06394502  -0.17203406
  0.06291214  -0.17120913
  0.06200044  -0.17028097
  0.06121004  -0.16926126
  0.06054106  -0.16816257
  0.05999358  -0.16699809
  0.05956768  -0.16578151
  0.05926343  -0.16452682
  0.05908086  -0.16324821
  0.05902000  -0.16196000
  0.05908086  -0.16046793
  0.05926343  -0.15895243
  0.05956768  -0.15738660
  0.05999358  -0.15574604
  0.06054106  -0.15400990
  0.06121004  -0.15216172
  0.06200044  -0.15019001
  0.06291214  -0.14808850
  0.06394502  -0.14585611
  0.06509892  -0.14349661
  0.06637370  -0.14101796
  0.06776917  -0.13843144
  0.06928514  -0.13575066
  0.07092140  -0.13299031
  0.07267771  -0.13016508
  0.07455384  -0.12728845
  0.07654952  -0.12437173
  0.07866447  -0.12142324
  0.08089841  -0.11844772
  0.08325100  -0.11544605
  0.08572194  -0.11241530
  0.08831087  -0.10934899
  0.09101743  -0.10623769
  0.09384125  -0.10306985
  0.09678193  -0.09983276
  0.09983906  -0.09651365
  0.10301222  -0.09310080
  0.10630096  -0.08958458
  0.10970482  -0.08595837
  0.11322333  -0.08221927
  0.11685600  -0.07836855
  0.12060232  -0.07441180
  0.12446177  -0.07035874
  0.12843381  -0.06622279
  0.13251788  -0.06202022
  0.13671342  -0.05776923
  0.14101984  -0.05348869
  0.14543655  -0.04919692
  0.14996291  -0.04491038
  0.15459832  -0.04064246
  0.15934210  -0.03640247
  0.16419362  -0.03219484
  0.16915218  -0.02801872
  0.17421709  -0.02386782
  0.17938766  -0.01973076
  0.18466316  -0.01559169
  0.19004285  -0.01143138
  0.19552598  -0.00722854
  0.20111179  -0.00296135
  0.20679950   0.00139080
  0.21258831   0.00584560
  0.21847742   0.01041612
  0.22446601   0.01510941
  0.23055324   0.01992524
  0.23673826   0.02485530
  0.24302021   0.02988277
  0.24939821   0.03498240
  0.25587138   0.04012104
  0.26243881   0.04525859
  0.26909958   0.05034937
  0.27585276   0.05534387
  0.28269742   0.06019062
  0.28963260   0.06483827
  0.29665733   0.06923767
  0.30377063   0.07334382
  0.31097151   0.07711759
  0.31825897   0.08052720
  0.32563198   0.08354925
  0.33308952   0.08616943
  0.34063055   0.08838269
  0.34825403   0.09019308
  0.35595887   0.09161317
  0.36374401   0.09266315
  0.37160837   0.09336973
  0.37955085   0.09376483
  0.38757033   0.09388429
  0.39566570   0.09376649
  0.40383584   0.09345116
  0.41207959   0.09297823
  0.42039582   0.09238693
  0.42878336   0.09171497
  0.43724104   0.09099784
  0.44576768   0.09026820
  0.45436210   0.08955532
  0.46302309   0.08888438
  0.47174944   0.08827572
  0.48053994   0.08774391
  0.48939337   0.08729664
  0.49830848   0.08693347
  0.50728404   0.08664454
  0.51631879   0.08640924
  0.52541147   0.08619508
  0.53456081   0.08595700
  0.54376554   0.08563711
  0.55302437   0.08516530
  0.56233602   0.08446068
  0.57169917   0.08343413
  0.58111254   0.08199182
  0.59057480   0.08003990
  0.60008463   0.07748981
  0.60964071   0.07426430
  0.61924170   0.07030345
  0.62888627   0.06557036
  0.63857307   0.06005578
  0.64830075   0.05378120
  0.65806795   0.04679982
  0.66787331   0.03919489
  0.67771546   0.03107526
  0.68759303   0.02256809
  0.69750464   0.01380913
  0.70744891   0.00493105
  0.71742445  -0.00394880
  0.72742988  -0.01274026
  0.73746378  -0.02138995
  0.74752477  -0.02988722
  0.75761145  -0.03826485
  0.76772239  -0.04659349
  0.77785621  -0.05496953
  0.78801147  -0.06349704
  0.79818677  -0.07226569
  0.80838068  -0.08132793
  0.81859178  -0.09068019
  0.82881865  -0.10025364
  0.83905987  -0.10992038
  0.84931400  -0.11951995
  0.85957961  -0.12890757
  0.86985528  -0.13801940
  0.88013956  -0.14693963
  0.89043102  -0.15593788
  0.90072824  -0.16542224
  0.91102976  -0.17572034
  0.92133416  -0.18655712
  0.93164000  -0.19604000
