#  NACA_MOD.dat  x/c         z/c
  0.93164000  -0.19604000
  0.92133416  -0.19089673
  0.91102976  -0.18578504
  0.90072824  -0.18067513
  0.89043102  -0.17554336
  0.88013956  -0.17037176
  0.86985528  -0.16514755
  0.85957961  -0.15986268
  0.84931400  -0.15451338
  0.83905987  -0.14909969
  0.82881865  -0.14362507
  0.81859178  -0.13809598
  0.80838068  -0.13252145
  0.79818677  -0.12691274
  0.78801147  -0.12128297
  0.77785621  -0.11564675
  0.76772239  -0.11001992
  0.75761145  -0.10441919
  0.74752477  -0.09886189
  0.73746378  -0.09336570
  0.72742988  -0.08794842
  0.71742445  -0.08262776
  0.70744891  -0.07742112
  0.69750464  -0.07234544
  0.68759303  -0.06741700
  0.67771546  -0.06265135
  0.66787331  -0.05806313
  0.65806795  -0.05366599
  0.64830075  -0.04947254
  0.63857307  -0.04549423
  0.62888627  -0.04174133
  0.61924170  -0.03822288
  0.60964071  -0.03494670
  0.60008463  -0.03191934
  0.59057480  -0.02914611
  0.58111254  -0.02663108
  0.57169917  -0.02437711
  0.56233602  -0.02238590
  0.55302437  -0.02065799
  0.54376554  -0.01919286
  0.53456081  -0.01798893
  0.52541147  -0.01704365
  0.51631879  -0.01635358
  0.50728404  -0.01591442
  0.49830848  -0.01572107
  0.48939337  -0.01576777
  0.48053994  -0.01604807
  0.47174944  -0.01655499
  0.46302309  -0.01728105
  0.45436210  -0.01821831
  0.44576768  -0.01935851
  0.43724104  -0.02069305
  0.42878336  -0.02221313
  0.42039582  -0.02390974
  0.41207959  -0.02577376
  0.40383584  -0.02779601
  0.39566570  -0.02996725
  0.38757033  -0.03227830
  0.37955085  -0.03471999
  0.37160837  -0.03728328
  0.36374401  -0.03995922
  0.35595887  -0.04273903
  0.34825403  -0.04561408
  0.34063055  -0.04857593
  0.33308952  -0.05161635
  0.32563198  -0.05472731
  0.31825897  -0.05790099
  0.31097151  -0.06112981
  0.30377063  -0.06440640
  0.29665733  -0.06772362
  0.28963260  -0.07107453
  0.28269742  -0.07445241
  0.27585276  -0.07785074
  0.26909958  -0.08126320
  0.26243881  -0.08468364
  0.25587138  -0.08810610
  0.24939821  -0.09152476
  0.24302021  -0.09493397
  0.23673826  -0.09832821
  0.23055324  -0.10170209
  0.22446601  -0.10505033
  0.21847742  -0.10836776
  0.21258831  -0.11164933
  0.20679950  -0.11489006
  0.20111179  -0.11808508
  0.19552598  -0.12122958
  0.19004285  -0.12431887
  0.18466316  -0.12734830
  0.17938766  -0.13031334
  0.17421709  -0.13320953
  0.16915218  -0.13603251
  0.16419362  -0.13877802
  0.15934210  -0.14144192
  0.15459832  -0.14402018
  0.14996291  -0.14650890
  0.14543655  -0.14890434
  0.14101984  -0.15120290
  0.13671342  -0.15340118
  0.13251788  -0.15549597
  0.12843381  -0.15748427
  0.12446177  -0.15936331
  0.12060232  -0.16113058
  0.11685600  -0.16278381
  0.11322333  -0.16432105
  0.10970482  -0.16574065
  0.10630096  -0.16704128
  0.10301222  -0.16822194
  0.09983906  -0.16928200
  0.09678193  -0.17022121
  0.09384125  -0.17103970
  0.09101743  -0.17173798
  0.08831087  -0.17231701
  0.08572194  -0.17277812
  0.08325100  -0.17312310
  0.08089841  -0.17335414
  0.07866447  -0.17347388
  0.07654952  -0.17348538
  0.07455384  -0.17339212
  0.07267771  -0.17319801
  0.07092140  -0.17290736
  0.06928514  -0.17252488
  0.06776917  -0.17205569
  0.06637370  -0.17150525
  0.06509892  -0.17087939
  0.06394502  -0.17018427
  0.06291214  -0.16942636
  0.06200044  -0.16861241
  0.06121004  -0.16774944
  0.06054106  -0.16684469
  0.05999358  -0.16590561
  0.05956768  -0.16493980
  0.05926343  -0.16395501
  0.05908086  -0.16295911
  0.05902000  -0.16196000
  0.05908086  -0.16015510
  0.05926343  -0.15834769
  0.05956768  -0.15653052
  0.05999358  -0.15469641
  0.06054106  -0.15283830
  0.06121004  -0.15094924
  0.06200044  -0.14902244
  0.06291214  -0.14705132
  0.06394502  -0.14502953
  0.06509892  -0.14295094
  0.06637370  -0.14080973
  0.06776917  -0.13860039
  0.06928514  -0.13631773
  0.07092140  -0.13395693
  0.07267771  -0.13151355
  0.07455384  -0.12898356
  0.07654952  -0.12636334
  0.07866447  -0.12364971
  0.08089841  -0.12083997
  0.08325100  -0.11793186
  0.08572194  -0.11492362
  0.08831087  -0.11181398
  0.09101743  -0.10860215
  0.09384125  -0.10528788
  0.09678193  -0.10187139
  0.09983906  -0.09835342
  0.10301222  -0.09473523
  0.10630096  -0.09101855
  0.10970482  -0.08720563
  0.11322333  -0.08329921
  0.11685600  -0.07930248
  0.12060232  -0.07521912
  0.12446177  -0.07105323
  0.12843381  -0.06680938
  0.13251788  -0.06249252
  0.13671342  -0.05810799
  0.14101984  -0.05366153
  0.14543655  -0.04915919
  0.14996291  -0.04460735
  0.15459832  -0.04001269
  0.15934210  -0.03538216
  0.16419362  -0.03072291
  0.16915218  -0.02604234
  0.17421709  -0.02134798
  0.17938766  -0.01664753
  0.18466316  -0.01194879
  0.19004285  -0.00725964
  0.19552598  -0.00258800
  0.20111179   0.00205818
  0.20679950   0.00667099
  0.21258831   0.01124254
  0.21847742   0.01576502
  0.22446601   0.02023076
  0.23055324   0.02463216
  0.23673826   0.02896183
  0.24302021   0.03321253
  0.24939821   0.03737723
  0.25587138   0.04144911
  0.26243881   0.04542160
  0.26909958   0.04928838
  0.27585276   0.05304339
  0.28269742   0.05668083
  0.28963260   0.06019521
  0.29665733   0.06358129
  0.30377063   0.06683413
  0.31097151   0.06994907
  0.31825897   0.07292172
  0.32563198   0.07574796
  0.33308952   0.07842391
  0.34063055   0.08094595
  0.34825403   0.08331065
  0.35595887   0.08551482
  0.36374401   0.08755542
  0.37160837   0.08942956
  0.37955085   0.09113448
  0.38757033   0.09266752
  0.39566570   0.09402607
  0.40383584   0.09520755
  0.41207959   0.09620939
  0.42039582   0.09702896
  0.42878336   0.09766356
  0.43724104   0.09811038
  0.44576768   0.09836648
  0.45436210   0.09842873
  0.46302309   0.09829378
  0.47174944   0.09795807
  0.48053994   0.09741775
  0.48939337   0.09666871
  0.49830848   0.09570651
  0.50728404   0.09452641
  0.51631879   0.09312333
  0.52541147   0.09149187
  0.53456081   0.08962630
  0.54376554   0.08752056
  0.55302437   0.08516832
  0.56233602   0.08256295
  0.57169917   0.07969760
  0.58111254   0.07656525
  0.59057480   0.07315873
  0.60008463   0.06947082
  0.60964071   0.06549429
  0.61924170   0.06122205
  0.62888627   0.05664722
  0.63857307   0.05176322
  0.64830075   0.04656396
  0.65806795   0.04104393
  0.66787331   0.03519839
  0.67771546   0.02902352
  0.68759303   0.02251663
  0.69750464   0.01567633
  0.70744891   0.00850278
  0.71742445   0.00099786
  0.72742988  -0.00683450
  0.73746378  -0.01498815
  0.74752477  -0.02345440
  0.75761145  -0.03222177
  0.76772239  -0.04127563
  0.77785621  -0.05059800
  0.78801147  -0.06016713
  0.79818677  -0.06995721
  0.80838068  -0.07993807
  0.81859178  -0.09007477
  0.82881865  -0.10032727
  0.83905987  -0.11065009
  0.84931400  -0.12099192
  0.85957961  -0.13129526
  0.86985528  -0.14149605
  0.88013956  -0.15152330
  0.89043102  -0.16129870
  0.90072824  -0.17073630
  0.91102976  -0.17974210
  0.92133416  -0.18821371
  0.93164000  -0.19604000
