#  NACA_MOD.dat  x/c         z/c
  0.93164000  -0.19604000
  0.92133416  -0.18977652
  0.91102976  -0.18407398
  0.90072824  -0.17877081
  0.89043102  -0.17373228
  0.88013956  -0.16884796
  0.86985528  -0.16402934
  0.85957961  -0.15920753
  0.84931400  -0.15433106
  0.83905987  -0.14936383
  0.82881865  -0.14428310
  0.81859178  -0.13907771
  0.80838068  -0.13374633
  0.79818677  -0.12829586
  0.78801147  -0.12273999
  0.77785621  -0.11709783
  0.76772239  -0.11139265
  0.75761145  -0.10565085
  0.74752477  -0.09990088
  0.73746378  -0.09417239
  0.72742988  -0.08849546
  0.71742445  -0.08289989
  0.70744891  -0.07741467
  0.69750464  -0.07206744
  0.68759303  -0.06688414
  0.67771546  -0.06188865
  0.66787331  -0.05710258
  0.65806795  -0.05254508
  0.64830075  -0.04823273
  0.63857307  -0.04417950
  0.62888627  -0.04039672
  0.61924170  -0.03689317
  0.60964071  -0.03367510
  0.60008463  -0.03074640
  0.59057480  -0.02810870
  0.58111254  -0.02576157
  0.57169917  -0.02370268
  0.56233602  -0.02192799
  0.55302437  -0.02043199
  0.54376554  -0.01920786
  0.53456081  -0.01824771
  0.52541147  -0.01754276
  0.51631879  -0.01708357
  0.50728404  -0.01686020
  0.49830848  -0.01686240
  0.48939337  -0.01707979
  0.48053994  -0.01750198
  0.47174944  -0.01811872
  0.46302309  -0.01892003
  0.45436210  -0.01989627
  0.44576768  -0.02103826
  0.43724104  -0.02233730
  0.42878336  -0.02378527
  0.42039582  -0.02537460
  0.41207959  -0.02709833
  0.40383584  -0.02895008
  0.39566570  -0.03092405
  0.38757033  -0.03301498
  0.37955085  -0.03521811
  0.37160837  -0.03752914
  0.36374401  -0.03994413
  0.35595887  -0.04245948
  0.34825403  -0.04507185
  0.34063055  -0.04777803
  0.33308952  -0.05057494
  0.32563198  -0.05345949
  0.31825897  -0.05642852
  0.31097151  -0.05947873
  0.30377063  -0.06260660
  0.29665733  -0.06580835
  0.28963260  -0.06907980
  0.28269742  -0.07241643
  0.27585276  -0.07581324
  0.26909958  -0.07926476
  0.26243881  -0.08276500
  0.25587138  -0.08630747
  0.24939821  -0.08988512
  0.24302021  -0.09349040
  0.23673826  -0.09711523
  0.23055324  -0.10075105
  0.22446601  -0.10438883
  0.21847742  -0.10801916
  0.21258831  -0.11163224
  0.20679950  -0.11521801
  0.20111179  -0.11876616
  0.19552598  -0.12226623
  0.19004285  -0.12570771
  0.18466316  -0.12908010
  0.17938766  -0.13237298
  0.17421709  -0.13557616
  0.16915218  -0.13867973
  0.16419362  -0.14167416
  0.15934210  -0.14455039
  0.15459832  -0.14729993
  0.14996291  -0.14991492
  0.14543655  -0.15238826
  0.14101984  -0.15471363
  0.13671342  -0.15688558
  0.13251788  -0.15889960
  0.12843381  -0.16075217
  0.12446177  -0.16244079
  0.12060232  -0.16396403
  0.11685600  -0.16532153
  0.11322333  -0.16651405
  0.10970482  -0.16754342
  0.10630096  -0.16841260
  0.10301222  -0.16912559
  0.09983906  -0.16968744
  0.09678193  -0.17010421
  0.09384125  -0.17038289
  0.09101743  -0.17053137
  0.08831087  -0.17055835
  0.08572194  -0.17047326
  0.08325100  -0.17028620
  0.08089841  -0.17000779
  0.07866447  -0.16964913
  0.07654952  -0.16922167
  0.07455384  -0.16873709
  0.07267771  -0.16820719
  0.07092140  -0.16764380
  0.06928514  -0.16705864
  0.06776917  -0.16646321
  0.06637370  -0.16586871
  0.06509892  -0.16528588
  0.06394502  -0.16472492
  0.06291214  -0.16419540
  0.06200044  -0.16370614
  0.06121004  -0.16326515
  0.06054106  -0.16287955
  0.05999358  -0.16255547
  0.05956768  -0.16229801
  0.05926343  -0.16211120
  0.05908086  -0.16199795
  0.05902000  -0.16196000
  0.05908086  -0.16185820
  0.05926343  -0.16155304
  0.05956768  -0.16104517
  0.05999358  -0.16033570
  0.06054106  -0.15942620
  0.06121004  -0.15831862
  0.06200044  -0.15701537
  0.06291214  -0.15551926
  0.06394502  -0.15383350
  0.06509892  -0.15196167
  0.06637370  -0.14990774
  0.06776917  -0.14767602
  0.06928514  -0.14527115
  0.07092140  -0.14269810
  0.07267771  -0.13996210
  0.07455384  -0.13706869
  0.07654952  -0.13402364
  0.07866447  -0.13083294
  0.08089841  -0.12750280
  0.08325100  -0.12403961
  0.08572194  -0.12044989
  0.08831087  -0.11674032
  0.09101743  -0.11291769
  0.09384125  -0.10898885
  0.09678193  -0.10496075
  0.09983906  -0.10084035
  0.10301222  -0.09663465
  0.10630096  -0.09235064
  0.10970482  -0.08799531
  0.11322333  -0.08357559
  0.11685600  -0.07909836
  0.12060232  -0.07457046
  0.12446177  -0.06999861
  0.12843381  -0.06538946
  0.13251788  -0.06074953
  0.13671342  -0.05608524
  0.14101984  -0.05140289
  0.14543655  -0.04670863
  0.14996291  -0.04200848
  0.15459832  -0.03730832
  0.15934210  -0.03261388
  0.16419362  -0.02793075
  0.16915218  -0.02326436
  0.17421709  -0.01862003
  0.17938766  -0.01400290
  0.18466316  -0.00941799
  0.19004285  -0.00487019
  0.19552598  -0.00036426
  0.20111179   0.00409516
  0.20679950   0.00850356
  0.21258831   0.01285651
  0.21847742   0.01714968
  0.22446601   0.02137885
  0.23055324   0.02553985
  0.23673826   0.02962860
  0.24302021   0.03364107
  0.24939821   0.03757327
  0.25587138   0.04142127
  0.26243881   0.04518114
  0.26909958   0.04884900
  0.27585276   0.05242096
  0.28269742   0.05589314
  0.28963260   0.05926164
  0.29665733   0.06252255
  0.30377063   0.06567194
  0.31097151   0.06870583
  0.31825897   0.07162021
  0.32563198   0.07441103
  0.33308952   0.07707415
  0.34063055   0.07960542
  0.34825403   0.08200058
  0.35595887   0.08425531
  0.36374401   0.08636521
  0.37160837   0.08832582
  0.37955085   0.09013256
  0.38757033   0.09178078
  0.39566570   0.09326573
  0.40383584   0.09458256
  0.41207959   0.09572633
  0.42039582   0.09669200
  0.42878336   0.09747441
  0.43724104   0.09806831
  0.44576768   0.09846836
  0.45436210   0.09866909
  0.46302309   0.09866497
  0.47174944   0.09845033
  0.48053994   0.09801944
  0.48939337   0.09736646
  0.49830848   0.09648551
  0.50728404   0.09537060
  0.51631879   0.09401570
  0.52541147   0.09241476
  0.53456081   0.09056166
  0.54376554   0.08845033
  0.55302437   0.08607467
  0.56233602   0.08342868
  0.57169917   0.08050640
  0.58111254   0.07730202
  0.59057480   0.07380988
  0.60008463   0.07002454
  0.60964071   0.06594084
  0.61924170   0.06155395
  0.62888627   0.05685942
  0.63857307   0.05185333
  0.64830075   0.04653230
  0.65806795   0.04089363
  0.66787331   0.03493541
  0.67771546   0.02865659
  0.68759303   0.02205718
  0.69750464   0.01513832
  0.70744891   0.00790251
  0.71742445   0.00035367
  0.72742988  -0.00750258
  0.73746378  -0.01565880
  0.74752477  -0.02410549
  0.75761145  -0.03283091
  0.76772239  -0.04182078
  0.77785621  -0.05105814
  0.78801147  -0.06052300
  0.79818677  -0.07019211
  0.80838068  -0.08003867
  0.81859178  -0.09003204
  0.82881865  -0.10013742
  0.83905987  -0.11031551
  0.84931400  -0.12052221
  0.85957961  -0.13070825
  0.86985528  -0.14081883
  0.88013956  -0.15079329
  0.89043102  -0.16056467
  0.90072824  -0.17005939
  0.91102976  -0.17919685
  0.92133416  -0.18788900
  0.93164000  -0.19604000
