0.93164 -0.19604
0.92929 -0.19371
0.92556 -0.19003
0.92154 -0.18608
0.91718 -0.18184
0.91245 -0.17726
0.90729 -0.17232
0.90167 -0.16699
0.89559 -0.16126
0.88906 -0.15518
0.88219 -0.14884
0.87510 -0.14234
0.86792 -0.13579
0.86074 -0.12926
0.85358 -0.12278
0.84646 -0.11633
0.83936 -0.10990
0.83227 -0.10350
0.82518 -0.09711
0.81807 -0.09074
0.81095 -0.08438
0.80380 -0.07802
0.79663 -0.07168
0.78944 -0.06535
0.78224 -0.05902
0.77504 -0.05270
0.76783 -0.04641
0.76063 -0.04017
0.75344 -0.03395
0.74625 -0.02776
0.73905 -0.02162
0.73184 -0.01550
0.72461 -0.00939
0.71738 -0.00333
0.71012 0.00272
0.70284 0.00874
0.69555 0.01474
0.68824 0.02072
0.68091 0.02666
0.67358 0.03257
0.66623 0.03844
0.65887 0.04428
0.65150 0.05008
0.64411 0.05586
0.63671 0.06159
0.62930 0.06729
0.62186 0.07295
0.61883 0.07523
0.61577 0.07565
0.60650 0.07688
0.59723 0.07806
0.58796 0.07921
0.57869 0.08031
0.56942 0.08137
0.56016 0.08239
0.55090 0.08337
0.54166 0.08429
0.53242 0.08518
0.52321 0.08601
0.51400 0.08679
0.50481 0.08753
0.49562 0.08821
0.48642 0.08884
0.47722 0.08941
0.46802 0.08994
0.45882 0.09041
0.44964 0.09082
0.44051 0.09117
0.43144 0.09147
0.42243 0.09169
0.41348 0.09185
0.40458 0.09192
0.39569 0.09192
0.38679 0.09183
0.37783 0.09167
0.36882 0.09143
0.35973 0.09112
0.35058 0.09076
0.34140 0.09034
0.33220 0.08986
0.33134 0.08981
0.32830 0.08791
0.32055 0.08303
0.31281 0.07807
0.30509 0.07306
0.29741 0.06801
0.28978 0.06293
0.28221 0.05782
0.27471 0.05268
0.26726 0.04749
0.25985 0.04225
0.25248 0.03697
0.24515 0.03164
0.23784 0.02624
0.23057 0.02080
0.22333 0.01530
0.21614 0.00975
0.20900 0.00415
0.20188 -0.00149
0.19484 -0.00718
0.18786 -0.01289
0.18093 -0.01865
0.17409 -0.02443
0.16733 -0.03025
0.16065 -0.03609
0.15407 -0.04197
0.14757 -0.04790
0.14117 -0.05385
0.13486 -0.05983
0.12867 -0.06584
0.12259 -0.07188
0.11665 -0.07793
0.11086 -0.08398
0.10526 -0.08999
0.09993 -0.09590
0.09494 -0.10161
0.09031 -0.10711
0.08603 -0.11239
0.08206 -0.11749
0.07839 -0.12244
0.07508 -0.12714
0.07218 -0.13146
0.06972 -0.13531
0.06766 -0.13872
0.06592 -0.14172
0.06449 -0.14441
0.06329 -0.14682
0.06231 -0.14902
0.06149 -0.15105
0.06081 -0.15293
0.06026 -0.15468
0.05981 -0.15629
0.05945 -0.15780
0.05919 -0.15923
0.05904 -0.16061
0.05902 -0.16196
0.05909 -0.16324
0.05925 -0.16445
0.05949 -0.16562
0.05981 -0.16671
0.06020 -0.16773
0.06067 -0.16868
0.06067 -0.16868
0.06122 -0.16955
0.06183 -0.17035
0.06254 -0.17106
0.06334 -0.17171
0.06423 -0.17227
0.06521 -0.17275
0.06630 -0.17317
0.06749 -0.17351
0.06880 -0.17378
0.07021 -0.17396
0.07173 -0.17406
0.07334 -0.17407
0.07505 -0.17398
0.07687 -0.17378
0.07886 -0.17347
0.08105 -0.17303
0.08346 -0.17247
0.08617 -0.17174
0.08922 -0.17082
0.09273 -0.16966
0.09679 -0.16824
0.10148 -0.16651
0.10686 -0.16443
0.11284 -0.16204
0.11923 -0.15935
0.12601 -0.15642
0.13320 -0.15320
0.14078 -0.14974
0.14869 -0.14604
0.15678 -0.14219
0.16495 -0.13825
0.17315 -0.13424
0.18139 -0.13013
0.18967 -0.12596
0.19800 -0.12172
0.20635 -0.11743
0.21473 -0.11309
0.22310 -0.10872
0.23147 -0.10432
0.23982 -0.09989
0.24816 -0.09543
0.25649 -0.09095
0.26482 -0.08644
0.27313 -0.08189
0.28146 -0.07732
0.28978 -0.07271
0.29809 -0.06808
0.30638 -0.06344
0.31464 -0.05879
0.32288 -0.05412
0.33108 -0.04944
0.33927 -0.04472
0.34744 -0.03999
0.35563 -0.03521
0.36382 -0.03040
0.36685 -0.02860
0.36930 -0.02856
0.37865 -0.02835
0.38793 -0.02810
0.39716 -0.02781
0.40636 -0.02747
0.41559 -0.02707
0.42486 -0.02664
0.43422 -0.02618
0.44366 -0.02570
0.45319 -0.02523
0.46277 -0.02478
0.47241 -0.02433
0.48207 -0.02389
0.49174 -0.02345
0.50142 -0.02301
0.51111 -0.02257
0.52081 -0.02212
0.53052 -0.02167
0.54024 -0.02122
0.54996 -0.02077
0.55969 -0.02032
0.56943 -0.01987
0.57916 -0.01942
0.58890 -0.01897
0.58936 -0.01895
0.59210 -0.02037
0.60076 -0.02485
0.60942 -0.02933
0.61808 -0.03381
0.62674 -0.03829
0.63540 -0.04277
0.64406 -0.04725
0.65272 -0.05173
0.66138 -0.05621
0.67005 -0.06070
0.67871 -0.06518
0.68737 -0.06966
0.69603 -0.07414
0.70469 -0.07862
0.71335 -0.08310
0.72201 -0.08758
0.73067 -0.09206
0.73933 -0.09653
0.74799 -0.10101
0.75665 -0.10549
0.76529 -0.10998
0.77394 -0.11445
0.78258 -0.11892
0.79122 -0.12339
0.79988 -0.12787
0.80851 -0.13233
0.81710 -0.13678
0.82566 -0.14121
0.83422 -0.14564
0.84282 -0.15008
0.85144 -0.15454
0.85998 -0.15897
0.86849 -0.16337
0.87707 -0.16781
0.88547 -0.17216
0.89337 -0.17624
0.90065 -0.18001
0.90730 -0.18345
0.91336 -0.18659
0.91890 -0.18945
0.92400 -0.19209
0.92869 -0.19452
0.93164 -0.19604
