#Bernstein Polynomial order BO .................: 5
#Number of points of analitically smooth airfoil: 134
#Point spacing law .............................: 3
#Airfoil chord .................................:   0.87262000
#L.E. coordinates ..............................:   0.05902000  -0.16196000 
#Max thickness and x/c location ................:   0.15047204   0.27232625 
#Max camber and x/c location ...................:   0.23224489   0.47297729 
#     x/c       z/c upper    z/c lower    thickness    camber
  0.00000000   0.00000000  -0.00000000   0.00000000   0.00000000 
  0.00006974   0.00206836  -0.00114495   0.00160666   0.00046171 
  0.00027896   0.00413962  -0.00228623   0.00321292   0.00092669 
  0.00062763   0.00622205  -0.00341477   0.00481841   0.00140364 
  0.00111570   0.00832389  -0.00452156   0.00642272   0.00190116 
  0.00174309   0.01045323  -0.00559773   0.00802548   0.00242775 
  0.00250973   0.01261805  -0.00663455   0.00962630   0.00299175 
  0.00341551   0.01482611  -0.00762349   0.01122480   0.00360131 
  0.00446029   0.01708496  -0.00855626   0.01282061   0.00426435 
  0.00564394   0.01940189  -0.00942480   0.01441334   0.00498854 
  0.00696629   0.02178390  -0.01022139   0.01600264   0.00578125 
  0.00842715   0.02423766  -0.01093861   0.01758814   0.00664953 
  0.01002633   0.02676951  -0.01156940   0.01916946   0.00760006 
  0.01176359   0.02938538  -0.01210708   0.02074623   0.00863915 
  0.01363870   0.03209079  -0.01254539   0.02231809   0.00977270 
  0.01565139   0.03489084  -0.01287847   0.02388465   0.01100619 
  0.01780138   0.03779015  -0.01310091   0.02544553   0.01234462 
  0.02008838   0.04079286  -0.01320779   0.02700032   0.01379254 
  0.02251206   0.04390260  -0.01319461   0.02854860   0.01535400 
  0.02507209   0.04712249  -0.01305739   0.03008994   0.01703255 
  0.02776810   0.05045511  -0.01279262   0.03162387   0.01883125 
  0.03059973   0.05390248  -0.01239729   0.03314988   0.02075260 
  0.03356658   0.05746605  -0.01186886   0.03466746   0.02279859 
  0.03666823   0.06114671  -0.01120532   0.03617602   0.02497070 
  0.03990426   0.06494479  -0.01040510   0.03767494   0.02726984 
  0.04327420   0.06886000  -0.00946714   0.03916357   0.02969643 
  0.04677759   0.07289150  -0.00839082   0.04064116   0.03225034 
  0.05041395   0.07703786  -0.00717602   0.04210694   0.03493092 
  0.05418276   0.08129707  -0.00582301   0.04356004   0.03773703 
  0.05808350   0.08566658  -0.00433253   0.04499955   0.04066702 
  0.06211562   0.09014324  -0.00270571   0.04642447   0.04371877 
  0.06627856   0.09472339  -0.00094406   0.04783373   0.04688966 
  0.07057175   0.09940282   0.00095050   0.04922616   0.05017666 
  0.07499458   0.10417681   0.00297573   0.05060054   0.05357627 
  0.07954643   0.10904015   0.00512907   0.05195554   0.05708461 
  0.08422667   0.11398717   0.00740761   0.05328978   0.06069739 
  0.08903466   0.11901172   0.00980818   0.05460177   0.06440995 
  0.09396970   0.12410725   0.01232736   0.05588995   0.06821731 
  0.09903113   0.12926682   0.01496145   0.05715268   0.07211414 
  0.10421823   0.13448311   0.01770656   0.05838827   0.07609484 
  0.10953028   0.13974847   0.02055857   0.05959495   0.08015352 
  0.11496654   0.14505494   0.02351318   0.06077088   0.08428406 
  0.12052625   0.15039431   0.02656595   0.06191418   0.08848013 
  0.12620863   0.15575813   0.02971224   0.06302295   0.09273518 
  0.13201290   0.16113775   0.03294730   0.06409522   0.09704252 
  0.13793823   0.16652434   0.03626626   0.06512904   0.10139530 
  0.14398382   0.17190898   0.03966412   0.06612243   0.10578655 
  0.15014880   0.17728262   0.04313577   0.06707343   0.11020920 
  0.15643233   0.18263620   0.04667601   0.06798010   0.11465610 
  0.16283352   0.18796061   0.05027953   0.06884054   0.11912007 
  0.16935149   0.19324676   0.05394093   0.06965291   0.12359385 
  0.17598532   0.19848564   0.05765473   0.07041545   0.12807018 
  0.18273409   0.20366829   0.06141532   0.07112648   0.13254181 
  0.18959686   0.20878590   0.06521702   0.07178444   0.13700146 
  0.19657266   0.21382980   0.06905401   0.07238789   0.14144191 
  0.20366054   0.21879149   0.07292039   0.07293555   0.14585594 
  0.21085949   0.22366268   0.07681010   0.07342629   0.15023639 
  0.21816852   0.22843532   0.08071696   0.07385918   0.15457614 
  0.22558660   0.23310159   0.08463467   0.07423346   0.15886813 
  0.23311270   0.23765396   0.08855671   0.07454862   0.16310534 
  0.24074577   0.24208519   0.09247645   0.07480437   0.16728082 
  0.24848475   0.24638833   0.09638704   0.07500065   0.17138769 
  0.25632855   0.25055675   0.10028144   0.07513765   0.17541910 
  0.26427609   0.25458414   0.10415241   0.07521586   0.17936827 
  0.27232625   0.25846450   0.10799246   0.07523602   0.18322848 
  0.28047791   0.26219217   0.11179390   0.07519913   0.18699304 
  0.28872993   0.26576181   0.11554880   0.07510651   0.19065530 
  0.29708117   0.26916839   0.11924894   0.07495973   0.19420867 
  0.30553045   0.27240719   0.12288590   0.07476064   0.19764654 
  0.31407660   0.27547376   0.12645098   0.07451139   0.20096237 
  0.32271843   0.27836394   0.12993521   0.07421436   0.20414958 
  0.33145473   0.28107384   0.13332942   0.07387221   0.20720163 
  0.34028428   0.28359976   0.13662415   0.07348780   0.21011195 
  0.34920586   0.28593823   0.13980974   0.07306424   0.21287398 
  0.35821821   0.28808594   0.14287630   0.07260482   0.21548112 
  0.36732008   0.29003974   0.14581376   0.07211299   0.21792675 
  0.37651020   0.29179656   0.14861188   0.07159234   0.22020422 
  0.38578729   0.29335343   0.15126028   0.07104657   0.22230685 
  0.39515005   0.29470738   0.15374848   0.07047945   0.22422793 
  0.40459718   0.29585546   0.15606592   0.06989477   0.22596069 
  0.41412736   0.29679466   0.15820204   0.06929631   0.22749835 
  0.42373927   0.29752190   0.16014631   0.06868779   0.22883410 
  0.43343155   0.29803395   0.16188828   0.06807283   0.22996111 
  0.44320286   0.29832743   0.16341763   0.06745490   0.23087253 
  0.45305184   0.29839876   0.16472426   0.06683725   0.23156151 
  0.46297711   0.29824411   0.16579835   0.06622288   0.23202123 
  0.47297729   0.29785940   0.16663038   0.06561451   0.23224489 
  0.48305098   0.29724021   0.16721131   0.06501445   0.23222576 
  0.49319677   0.29638182   0.16753253   0.06442465   0.23195718 
  0.50341326   0.29527917   0.16758604   0.06384657   0.23143260 
  0.51369902   0.29392681   0.16736447   0.06328117   0.23064564 
  0.52405261   0.29231892   0.16686120   0.06272886   0.22959006 
  0.53447258   0.29044931   0.16607039   0.06218946   0.22825985 
  0.54495749   0.28831141   0.16498714   0.06166214   0.22664927 
  0.55550588   0.28589829   0.16360746   0.06114541   0.22475287 
  0.56611626   0.28320267   0.16192845   0.06063711   0.22256556 
  0.57678717   0.28021698   0.15994832   0.06013433   0.22008265 
  0.58751710   0.27693338   0.15766644   0.05963347   0.21729991 
  0.59830458   0.27334378   0.15508345   0.05913017   0.21421362 
  0.60914808   0.26944000   0.15220129   0.05861935   0.21082065 
  0.62004610   0.26521374   0.14902324   0.05809525   0.20711849 
  0.63099712   0.26065675   0.14555396   0.05755139   0.20310535 
  0.64199961   0.25576087   0.14179954   0.05698067   0.19878021 
  0.65305204   0.25051823   0.13776750   0.05637537   0.19414286 
  0.66415286   0.24492130   0.13346676   0.05572727   0.18919403 
  0.67530053   0.23896308   0.12890772   0.05502768   0.18393540 
  0.68649349   0.23263726   0.12410214   0.05426756   0.17836970 
  0.69773018   0.22593842   0.11906314   0.05343764   0.17250078 
  0.70900903   0.21886219   0.11380515   0.05252852   0.16633367 
  0.72032847   0.21140546   0.10834384   0.05153081   0.15987465 
  0.73168692   0.20356665   0.10269598   0.05043534   0.15313131 
  0.74308280   0.19534594   0.09687937   0.04923329   0.14611266 
  0.75451451   0.18674551   0.09091270   0.04791640   0.13882910 
  0.76598047   0.17776982   0.08481536   0.04647723   0.13129259 
  0.77747907   0.16842595   0.07860730   0.04490932   0.12351662 
  0.78900870   0.15872384   0.07230881   0.04320751   0.11551632 
  0.80056777   0.14867667   0.06594028   0.04136819   0.10730848 
  0.81215465   0.13830117   0.05952199   0.03938959   0.09891158 
  0.82376774   0.12761798   0.05307379   0.03727210   0.09034588 
  0.83540541   0.11665201   0.04661483   0.03501859   0.08163342 
  0.84706604   0.10543282   0.04016325   0.03263478   0.07279804 
  0.85874800   0.09399501   0.03373582   0.03012960   0.06386541 
  0.87044966   0.08237862   0.02734755   0.02751553   0.05486309 
  0.88216939   0.07062952   0.02101136   0.02480908   0.04582044 
  0.89390556   0.05879983   0.01473759   0.02203112   0.03676871 
  0.90565653   0.04694836   0.00853364   0.01920736   0.02774100 
  0.91742065   0.03514100   0.00240347   0.01636876   0.01877224 
  0.92919630   0.02345116  -0.00365285   0.01355201   0.00989915 
  0.94098182   0.01196019  -0.00963966   0.01079993   0.00116026 
  0.95277558   0.00075783  -0.01556619   0.00816201  -0.00740418 
  0.96457592  -0.01005742  -0.02144706   0.00569482  -0.01575224 
  0.97638120  -0.02037783  -0.02730288   0.00346253  -0.02384036 
  0.98818978  -0.03008607  -0.03316075   0.00153734  -0.03162341 
  1.00000000  -0.03905480  -0.03905480   0.00000000  -0.03905480 
